1.2622848375607791 1.3238614744708603 6.970047144398478 6.286345791730387 3.93255267096792
1.9788335984037766 1.284831034530125 -4.40458687667951 -4.058915240954519 4.898345646594388
0.7315766078694739 1.3628212152542762 1.2076924981812969 -8.056516164353653 1.94802499779316
1.2621716487147903 1.2392824177811896 -3.3870753559191087 5.3624844773311136 2.364113293488405
1.9845523243162975 0.9184358002939323 -0.8729576664261192 -0.021349931016239054 3.1278715827401067
0.7158161243535739 0.7936465334995862 3.8693688085727374 4.496434516191098 4.160321558895559
0.5035328558296388 1.4088103362703446 7.04217956766179 -9.870596359742557 0.07650577265910025
1.092023249432296 1.9353432514576232 7.9042265928028534 -1.2486504387745185 1.7575048678657552
0.6578468709517944 1.8123557921695985 -2.705763876585941 9.37140651116334 2.4212403245761527
1.9951712253529612 1.116342927252106 -6.883866938834133 -1.4863424243492531 5.261092328689848
