1.5504662059320151 0.9816935970071865 7.981417446521213 2.267899845174721 3.549512564195631
0.6885992113200616 1.5624347837100916 4.557251705939766 -9.611153351096773 4.073087891161659
1.1841244633663213 1.9109440724368596 -9.451148077172018 4.184764662741582 0.9762027210782497
1.6754849454148921 1.9165279476758532 3.4782640204481368 0.11340977926583129 5.155301122626237
1.9140755550125 0.7459737903782316 -8.485964566546917 -5.5296980203405255 4.9403036582752495
1.910909714657325 0.8122995746725585 0.7635928058814976 -6.18977382212627 2.8876306412919965
0.79241409611325 1.9169526065015685 6.547270128243902 -0.22878856978750584 3.747225386407728
1.7464147166419748 1.6799671111140457 9.878687351871044 4.262439410110403 3.669885258775766
1.219486707073838 1.0963835680683485 8.820386976030367 -6.109661831288209 6.234459504691808
1.98183472244769 1.2197682762312398 -3.3409634634370367 -6.418025159910757 0.7929098998475695
1.3679045654444852 0.7750654090027227 -6.694569470052462 4.0038722378448295 5.199600897490567
0.522159679445571 1.0489066995550187 2.19434744081601 -1.5947323646366147 3.6994624578011996
